10 30 100
1 1 0 0 0 0 1 1 0 0
0 0 0 1 0 1 0 0 1 1
0 1 0 1 0 0 1 0 0 1
1 0 0 1 1 1 1 1 0 0
1 1 1 1 0 0 1 0 1 0
0 1 1 0 0 1 1 1 1 0
0 0 1 0 1 2 0 1 1 1
2 1 0 0 1 1 1 1 1 0
1 1 1 1 1 1 1 1 1 1
1 1 1 0 0 0 1 0 1 0
3 7 2 2 30
2 9 2 1 75
8 10 1 1 4
6 10 1 1 50
8 3 1 4 68
10 4 1 4 89
9 1 1 5 62
9 9 1 2 25
1 9 1 1 57
1 2 2 1 97
10 1 1 1 28
10 2 1 1 46
8 8 2 1 39
4 9 1 1 66
4 3 1 4 88
2 4 1 3 80
2 10 4 1 10
6 1 2 4 41
5 7 2 3 36
7 7 3 1 54
1 10 1 1 26
5 1 1 2 61
3 1 1 5 21
1 5 1 3 8
5 5 2 2 77
8 9 1 1 69
10 8 1 2 39
10 10 1 1 99
7 8 1 2 55
9 6 1 1 2
21 0
18 0
11 1
24 1
24 1
22 3
25 3
30 1
29 3
15 1
1 1
16 3
20 0
14 2
4 1
27 3
2 1
21 0
28 2
13 2
23 2
12 0
19 2
14 2
18 1
24 3
30 3
5 3
25 3
23 1
2 0
13 3
8 0
8 1
18 0
13 1
1 1
7 2
9 3
25 0
10 1
6 2
25 2
17 1
27 2
18 2
1 2
8 0
22 0
28 3
3 0
7 2
20 1
18 1
12 1
27 0
13 1
28 3
12 2
18 0
18 3
9 0
2 0
6 2
5 1
1 2
25 0
14 3
9 3
8 2
24 0
23 1
20 3
11 1
8 3
19 0
2 1
6 3
30 0
23 1
13 3
9 3
27 2
20 2
15 2
29 0
21 0
28 3
14 2
26 0
25 2
16 1
14 0
15 0
25 1
26 2
17 3
27 0
22 2
22 2